,PLAYER,MP,FG,FGA,FG%,3P,3PA,3P%,FT,FTA,FT%,ORB,DRB,TRB,AST,STL,BLK,TOV,PF,PTS,+/-,TS%,eFG%,3PAr,FTr,ORB%,DRB%,TRB%,AST%,STL%,BLK%,TOV%,USG%,ORtg,DRtg,BPM
0,D'Angelo Russell,3611,4,12,.333,2,5,.400,1,2,.500,0,4,4,7,1,0,3,3,11,+1,.427,.417,.417,.167,0.0,13.3,6.2,26.0,1.4,0.0,18.9,19.2,91,125,-6.9
1,Anthony Davis,3409,6,17,.353,1,2,.500,4,4,1.000,1,7,8,4,0,2,2,3,17,-17,.453,.382,.118,.235,3.1,24.6,13.1,17.3,0.0,4.9,9.6,26.6,100,122,-2.2
2,Austin Reaves,3120,4,11,.364,1,2,.500,5,7,.714,4,4,8,4,2,0,2,2,14,-14,.497,.409,.182,.636,13.3,15.3,14.3,17.6,3.2,0.0,12.4,22.4,113,121,1.6
3,Taurean Prince,2953,6,8,.750,4,6,.667,2,2,1.000,1,2,3,1,0,1,1,0,18,-14,1.014,1.000,.750,.250,3.5,8.0,5.6,5.1,0.0,2.8,10.1,14.5,175,128,10.9
4,LeBron James,2900,10,16,.625,1,4,.250,0,1,.000,1,7,8,5,1,0,0,1,21,+7,.639,.656,.250,.063,3.6,29.0,15.4,33.9,1.7,0.0,0.0,24.8,141,122,12.4
5,Gabe Vincent,2218,3,8,.375,0,4,.000,0,0,,1,0,1,2,1,0,2,3,6,-17,.375,.375,.500,.000,4.7,0.0,2.5,12.5,2.3,0.0,20.0,19.6,77,126,-11.7
6,Cam Reddish,1738,2,4,.500,1,2,.500,2,2,1.000,2,2,4,0,0,1,0,2,7,+7,.717,.625,.500,.500,11.8,13.6,12.7,0.0,0.0,4.8,0.0,12.1,163,125,2.7
7,Christian Wood,1528,3,4,.750,0,1,.000,1,2,.500,1,3,4,0,0,0,1,1,7,+2,.717,.750,.250,.500,6.7,23.3,14.4,0.0,0.0,0.0,17.0,16.6,118,127,-3.8
8,Rui Hachimura,1439,3,10,.300,0,3,.000,0,0,,2,1,3,0,0,0,0,2,6,-8,.300,.300,.300,.000,14.2,8.2,11.4,0.0,0.0,0.0,0.0,29.8,79,130,-17.8
9,Jaxson Hayes,654,0,0,,0,0,,0,0,,0,1,1,0,0,0,0,1,0,-7,,,,,0.0,17.4,8.1,0.0,0.0,0.0,,0.0,0,128,-9.6
10,Max Christie,115,0,0,,0,0,,0,0,,0,0,0,0,0,0,0,0,0,0,,,,,0.0,0.0,0.0,0.0,0.0,0.0,,0.0,0,131,-9.0
11,Maxwell Lewis,115,0,0,,0,0,,0,0,,0,0,0,0,0,0,0,0,0,0,,,,,0.0,0.0,0.0,0.0,0.0,0.0,,0.0,0,131,-8.6
12,Nikola Jokić,3616,12,22,.545,3,5,.600,2,4,.500,3,10,13,11,1,1,2,2,29,+15,.610,.614,.227,.182,9.9,28.8,20.0,45.3,1.4,2.2,7.8,31.8,133,109,15.6
13,Kentavious Caldwell-Pope,3615,8,12,.667,2,3,.667,2,2,1.000,1,1,2,1,3,1,3,5,20,+10,.776,.750,.250,.167,3.3,2.9,3.1,3.5,4.2,2.2,18.9,19.6,122,111,1.6
14,Aaron Gordon,3459,7,11,.636,1,2,.500,0,0,,2,5,7,5,2,1,0,0,15,+6,.682,.682,.182,.000,6.9,14.9,11.2,17.9,2.9,2.2,0.0,14.1,155,110,8.4
15,Jamal Murray,3415,8,13,.615,3,5,.600,2,2,1.000,0,2,2,6,0,1,1,3,21,+3,.756,.731,.385,.154,0.0,6.1,3.3,22.9,0.0,2.3,6.7,19.4,150,119,4.4
16,Michael Porter Jr.,3008,5,13,.385,2,9,.222,0,0,,2,10,12,2,2,0,0,1,12,+12,.462,.462,.692,.000,8.0,34.6,22.2,8.0,3.3,0.0,0.0,19.3,111,104,-0.5
17,Reggie Jackson,2404,3,8,.375,2,5,.400,0,0,,0,3,3,1,1,0,2,0,8,+11,.500,.500,.625,.000,0.0,13.0,7.0,4.7,2.1,0.0,20.0,18.6,82,114,-8.1
18,Christian Braun,1920,2,5,.400,0,1,.000,1,2,.500,1,2,3,2,0,1,1,1,5,+5,.425,.400,.200,.400,6.2,10.8,8.7,11.5,0.0,4.1,14.5,15.9,97,117,-6.6
19,Zeke Nnaji,1144,1,3,.333,0,1,.000,2,2,1.000,0,0,0,1,0,0,1,2,4,-3,.515,.333,.333,.667,0.0,0.0,0.0,9.3,0.0,0.0,20.5,18.6,96,123,-12.9
20,Peyton Watson,1050,1,3,.333,1,3,.333,0,0,,0,0,0,0,0,1,1,1,3,+1,.500,.500,1.000,.000,0.0,0.0,0.0,0.0,0.0,7.3,25.0,16.5,71,118,-9.8
21,Jalen Pickett,043,1,1,1.000,0,0,,0,0,,0,0,0,0,0,0,0,0,2,0,1.000,1.000,.000,.000,0.0,0.0,0.0,0.0,0.0,0.0,0.0,62.4,200,123,47.9
22,Collin Gillespie,043,0,0,,0,0,,0,0,,0,0,0,0,0,0,0,0,0,0,,,,,0.0,0.0,0.0,0.0,0.0,0.0,,0.0,0,123,-9.2
23,Braxton Key,043,0,0,,0,0,,0,0,,0,0,0,0,0,0,0,0,0,0,,,,,0.0,0.0,0.0,0.0,0.0,0.0,,0.0,0,123,-8.9
0,Devin Booker,3658,13,21,.619,3,8,.375,3,3,1.000,1,5,6,8,1,0,6,4,32,+5,.717,.690,.381,.143,2.7,10.6,7.1,41.4,1.3,0.0,21.2,30.3,123,105,9.4
1,Kevin Durant,3647,7,22,.318,1,2,.500,3,5,.600,2,9,11,3,0,1,2,1,18,0,.372,.341,.091,.227,5.4,19.3,13.2,11.9,0.0,2.2,7.6,28.1,89,102,-4.6
2,Josh Okogie,3138,7,9,.778,1,1,1.000,2,2,1.000,4,1,5,1,1,0,2,2,17,+2,.860,.833,.111,.222,12.6,2.5,7.0,4.8,1.5,0.0,16.8,14.8,148,109,6.0
3,Jusuf Nurkić,2752,5,8,.625,1,2,.500,3,3,1.000,3,11,14,3,0,1,1,5,14,+2,.751,.688,.250,.375,10.8,31.1,22.1,15.5,0.0,3.0,9.7,14.6,155,94,8.2
4,Grayson Allen,2055,0,6,.000,0,5,.000,0,0,,3,1,4,2,0,0,1,2,0,-4,.000,.000,.833,.000,14.3,3.8,8.4,10.9,0.0,0.0,14.3,13.2,44,112,-14.1
5,Eric Gordon,3139,4,16,.250,2,9,.222,0,0,,1,3,4,1,1,1,1,2,10,+6,.313,.313,.563,.000,3.2,7.5,5.6,4.2,1.5,2.6,5.9,21.2,77,105,-7.3
6,Drew Eubanks,1914,1,3,.333,0,0,,2,4,.500,2,5,7,2,0,3,3,3,4,-2,.420,.333,.000,1.333,10.4,20.5,16.0,12.6,0.0,12.9,38.7,15.9,74,96,-3.7
7,Yuta Watanabe,1753,3,5,.600,2,4,.500,0,0,,0,4,4,0,0,1,1,2,8,+7,.800,.800,.800,.000,0.0,17.6,9.8,0.0,0.0,4.6,16.7,13.3,127,101,3.6
8,Jordan Goodwin,1411,1,4,.250,0,1,.000,0,0,,1,3,4,3,1,0,2,0,2,+7,.250,.250,.250,.000,7.1,16.6,12.4,26.3,3.3,0.0,33.3,16.7,68,97,-4.1
9,Nassir Little,253,1,1,1.000,1,1,1.000,0,0,,0,1,1,0,1,0,0,1,3,-3,1.500,1.500,1.000,.000,0.0,27.3,15.3,0.0,16.4,0.0,0.0,13.7,300,61,45.7
10,Klay Thompson,3616,6,18,.333,3,11,.273,0,0,,1,6,7,3,0,1,3,3,15,+9,.417,.417,.611,.000,2.2,16.5,8.5,14.2,0.0,2.1,14.3,22.4,83,110,-4.8
11,Chris Paul,3413,4,15,.267,0,6,.000,6,7,.857,1,5,6,9,2,0,1,0,14,+5,.387,.267,.400,.467,2.3,14.6,7.7,41.5,2.8,0.0,5.2,21.5,103,106,2.1
12,Stephen Curry,3045,8,20,.400,4,14,.286,7,7,1.000,1,4,5,1,1,0,2,5,27,-9,.585,.500,.700,.350,2.6,13.0,7.2,6.6,1.5,0.0,8.0,31.5,117,109,6.3
13,Kevon Looney,2758,3,6,.500,0,0,,1,1,1.000,5,6,11,1,0,0,2,2,7,-11,.543,.500,.000,.167,14.1,21.5,17.3,5.6,0.0,0.0,23.7,11.7,106,109,-5.3
14,Andrew Wiggins,2717,4,12,.333,0,3,.000,2,3,.667,1,0,1,0,0,1,0,3,10,-22,.375,.333,.250,.250,2.9,0.0,1.6,0.0,0.0,2.8,0.0,18.8,88,117,-8.4
15,Gary Payton II,2140,0,5,.000,0,2,.000,1,2,.500,0,2,2,2,3,0,0,1,1,+15,.085,.000,.400,.400,0.0,9.2,4.1,12.3,6.5,0.0,0.0,10.5,40,100,-4.8
16,Jonathan Kuminga,2008,4,8,.500,0,0,,4,6,.667,3,3,6,1,2,1,2,5,12,+4,.564,.500,.000,.750,11.7,14.9,13.1,9.0,4.7,3.8,15.8,24.2,108,99,3.1
17,Dario Šarić,2002,3,11,.273,1,3,.333,0,0,,4,3,7,1,0,2,0,3,7,+7,.318,.318,.273,.000,15.7,15.0,15.4,8.3,0.0,7.7,0.0,21.2,91,108,-3.9
18,Moses Moody,1759,4,6,.667,2,4,.500,1,2,.500,1,2,3,0,3,1,1,1,11,-6,.799,.833,.667,.333,4.4,11.1,7.3,0.0,7.9,4.3,12.7,16.9,133,94,16.8
19,Cory Joseph,342,0,0,,0,0,,0,0,,1,0,1,1,0,0,0,0,0,-12,,,,,21.3,0.0,11.9,36.0,0.0,0.0,,0.0,225,118,5.3
